,0
0,SERINC3
